Matrix A:
12	29	45	13	16	11	
11	27	24	14	27	5	
43	41	8	13	13	35	
33	1	11	48	47	17	
6	14	16	5	42	25	
6	22	34	30	7	23	

Matrix B:
4	13	40	40	11	45	
33	43	28	41	35	17	
20	14	7	20	43	10	
0	1	14	22	25	21	
31	35	21	11	46	0	
41	19	7	19	31	20	

d_a[32] = 7.000000, d_b[32] = 34.000000, sum[32] = 41.000000 
d_a[33] = 19.000000, d_b[33] = 30.000000, sum[33] = 49.000000 
d_a[34] = 31.000000, d_b[34] = 7.000000, sum[34] = 38.000000 
d_a[35] = 20.000000, d_b[35] = 23.000000, sum[35] = 43.000000 
d_a[0] = 4.000000, d_b[0] = 12.000000, sum[0] = 16.000000 
d_a[1] = 13.000000, d_b[1] = 29.000000, sum[1] = 42.000000 
d_a[2] = 40.000000, d_b[2] = 45.000000, sum[2] = 85.000000 
d_a[3] = 40.000000, d_b[3] = 13.000000, sum[3] = 53.000000 
d_a[4] = 11.000000, d_b[4] = 16.000000, sum[4] = 27.000000 
d_a[5] = 45.000000, d_b[5] = 11.000000, sum[5] = 56.000000 
d_a[6] = 33.000000, d_b[6] = 11.000000, sum[6] = 44.000000 
d_a[7] = 43.000000, d_b[7] = 27.000000, sum[7] = 70.000000 
d_a[8] = 28.000000, d_b[8] = 24.000000, sum[8] = 52.000000 
d_a[9] = 41.000000, d_b[9] = 14.000000, sum[9] = 55.000000 
d_a[10] = 35.000000, d_b[10] = 27.000000, sum[10] = 62.000000 
d_a[11] = 17.000000, d_b[11] = 5.000000, sum[11] = 22.000000 
d_a[12] = 20.000000, d_b[12] = 43.000000, sum[12] = 63.000000 
d_a[13] = 14.000000, d_b[13] = 41.000000, sum[13] = 55.000000 
d_a[14] = 7.000000, d_b[14] = 8.000000, sum[14] = 15.000000 
d_a[15] = 20.000000, d_b[15] = 13.000000, sum[15] = 33.000000 
d_a[16] = 43.000000, d_b[16] = 13.000000, sum[16] = 56.000000 
d_a[17] = 10.000000, d_b[17] = 35.000000, sum[17] = 45.000000 
d_a[18] = 0.000000, d_b[18] = 33.000000, sum[18] = 33.000000 
d_a[19] = 1.000000, d_b[19] = 1.000000, sum[19] = 2.000000 
d_a[20] = 14.000000, d_b[20] = 11.000000, sum[20] = 25.000000 
d_a[21] = 22.000000, d_b[21] = 48.000000, sum[21] = 70.000000 
d_a[22] = 25.000000, d_b[22] = 47.000000, sum[22] = 72.000000 
d_a[23] = 21.000000, d_b[23] = 17.000000, sum[23] = 38.000000 
d_a[24] = 31.000000, d_b[24] = 6.000000, sum[24] = 37.000000 
d_a[25] = 35.000000, d_b[25] = 14.000000, sum[25] = 49.000000 
d_a[26] = 21.000000, d_b[26] = 16.000000, sum[26] = 37.000000 
d_a[27] = 11.000000, d_b[27] = 5.000000, sum[27] = 16.000000 
d_a[28] = 46.000000, d_b[28] = 42.000000, sum[28] = 88.000000 
d_a[29] = 0.000000, d_b[29] = 25.000000, sum[29] = 25.000000 
d_a[30] = 41.000000, d_b[30] = 6.000000, sum[30] = 47.000000 
d_a[31] = 19.000000, d_b[31] = 22.000000, sum[31] = 41.000000 
A + B: 
16	42	85	53	27	56	
44	70	52	55	62	22	
63	55	15	33	56	45	
33	2	25	70	72	38	
37	49	37	16	88	25	
47	41	41	49	38	43	
