Matrix A:
19	25	28	27	30	48	
13	36	15	39	4	47	
19	36	24	1	37	49	
12	36	14	13	43	11	
8	8	12	5	33	22	
25	3	3	28	31	11	

Matrix B:
3	4	34	18	35	19	
7	32	7	47	9	42	
28	38	32	43	28	15	
27	44	34	27	1	8	
3	13	5	34	43	7	
25	13	2	17	16	45	

d_a[32] = 2.000000, d_b[32] = 3.000000, sum[32] = 5.000000 
d_a[33] = 17.000000, d_b[33] = 28.000000, sum[33] = 45.000000 
d_a[34] = 16.000000, d_b[34] = 31.000000, sum[34] = 47.000000 
d_a[35] = 45.000000, d_b[35] = 11.000000, sum[35] = 56.000000 
d_a[0] = 3.000000, d_b[0] = 19.000000, sum[0] = 22.000000 
d_a[1] = 4.000000, d_b[1] = 25.000000, sum[1] = 29.000000 
d_a[2] = 34.000000, d_b[2] = 28.000000, sum[2] = 62.000000 
d_a[3] = 18.000000, d_b[3] = 27.000000, sum[3] = 45.000000 
d_a[4] = 35.000000, d_b[4] = 30.000000, sum[4] = 65.000000 
d_a[5] = 19.000000, d_b[5] = 48.000000, sum[5] = 67.000000 
d_a[6] = 7.000000, d_b[6] = 13.000000, sum[6] = 20.000000 
d_a[7] = 32.000000, d_b[7] = 36.000000, sum[7] = 68.000000 
d_a[8] = 7.000000, d_b[8] = 15.000000, sum[8] = 22.000000 
d_a[9] = 47.000000, d_b[9] = 39.000000, sum[9] = 86.000000 
d_a[10] = 9.000000, d_b[10] = 4.000000, sum[10] = 13.000000 
d_a[11] = 42.000000, d_b[11] = 47.000000, sum[11] = 89.000000 
d_a[12] = 28.000000, d_b[12] = 19.000000, sum[12] = 47.000000 
d_a[13] = 38.000000, d_b[13] = 36.000000, sum[13] = 74.000000 
d_a[14] = 32.000000, d_b[14] = 24.000000, sum[14] = 56.000000 
d_a[15] = 43.000000, d_b[15] = 1.000000, sum[15] = 44.000000 
d_a[16] = 28.000000, d_b[16] = 37.000000, sum[16] = 65.000000 
d_a[17] = 15.000000, d_b[17] = 49.000000, sum[17] = 64.000000 
d_a[18] = 27.000000, d_b[18] = 12.000000, sum[18] = 39.000000 
d_a[19] = 44.000000, d_b[19] = 36.000000, sum[19] = 80.000000 
d_a[20] = 34.000000, d_b[20] = 14.000000, sum[20] = 48.000000 
d_a[21] = 27.000000, d_b[21] = 13.000000, sum[21] = 40.000000 
d_a[22] = 1.000000, d_b[22] = 43.000000, sum[22] = 44.000000 
d_a[23] = 8.000000, d_b[23] = 11.000000, sum[23] = 19.000000 
d_a[24] = 3.000000, d_b[24] = 8.000000, sum[24] = 11.000000 
d_a[25] = 13.000000, d_b[25] = 8.000000, sum[25] = 21.000000 
d_a[26] = 5.000000, d_b[26] = 12.000000, sum[26] = 17.000000 
d_a[27] = 34.000000, d_b[27] = 5.000000, sum[27] = 39.000000 
d_a[28] = 43.000000, d_b[28] = 33.000000, sum[28] = 76.000000 
d_a[29] = 7.000000, d_b[29] = 22.000000, sum[29] = 29.000000 
d_a[30] = 25.000000, d_b[30] = 25.000000, sum[30] = 50.000000 
d_a[31] = 13.000000, d_b[31] = 3.000000, sum[31] = 16.000000 
A + B: 
22	29	62	45	65	67	
20	68	22	86	13	89	
47	74	56	44	65	64	
39	80	48	40	44	19	
11	21	17	39	76	29	
50	16	5	45	47	56	
