Matrix A:
14	37	7	17	16	22	
42	12	40	28	47	9	
40	1	25	3	26	13	
44	14	44	28	17	3	
41	40	17	42	14	18	
44	29	16	3	24	23	

Matrix B:
25	21	2	31	12	15	
29	13	1	30	34	2	
13	8	48	39	40	33	
30	13	38	38	40	8	
31	40	1	8	43	40	
23	20	42	10	19	21	

A x B: 
3026	2132	1987	2811	3492	1753	
4422	3782	3505	4752	5824	4267	
2549	2392	1967	2697	2999	2764	
3514	2562	3421	4730	4672	3107	
4514	2983	3304	5022	5156	2530	
3512	2888	1989	3394	3743	2713	
d_a[32] = 42.000000, d_b[32] = 16.000000, sum[32] = 58.000000 
d_a[33] = 10.000000, d_b[33] = 3.000000, sum[33] = 13.000000 
d_a[34] = 19.000000, d_b[34] = 24.000000, sum[34] = 43.000000 
d_a[35] = 21.000000, d_b[35] = 23.000000, sum[35] = 44.000000 
d_a[0] = 25.000000, d_b[0] = 14.000000, sum[0] = 39.000000 
d_a[1] = 21.000000, d_b[1] = 37.000000, sum[1] = 58.000000 
d_a[2] = 2.000000, d_b[2] = 7.000000, sum[2] = 9.000000 
d_a[3] = 31.000000, d_b[3] = 17.000000, sum[3] = 48.000000 
d_a[4] = 12.000000, d_b[4] = 16.000000, sum[4] = 28.000000 
d_a[5] = 15.000000, d_b[5] = 22.000000, sum[5] = 37.000000 
d_a[6] = 29.000000, d_b[6] = 42.000000, sum[6] = 71.000000 
d_a[7] = 13.000000, d_b[7] = 12.000000, sum[7] = 25.000000 
d_a[8] = 1.000000, d_b[8] = 40.000000, sum[8] = 41.000000 
d_a[9] = 30.000000, d_b[9] = 28.000000, sum[9] = 58.000000 
d_a[10] = 34.000000, d_b[10] = 47.000000, sum[10] = 81.000000 
d_a[11] = 2.000000, d_b[11] = 9.000000, sum[11] = 11.000000 
d_a[12] = 13.000000, d_b[12] = 40.000000, sum[12] = 53.000000 
d_a[13] = 8.000000, d_b[13] = 1.000000, sum[13] = 9.000000 
d_a[14] = 48.000000, d_b[14] = 25.000000, sum[14] = 73.000000 
d_a[15] = 39.000000, d_b[15] = 3.000000, sum[15] = 42.000000 
d_a[16] = 40.000000, d_b[16] = 26.000000, sum[16] = 66.000000 
d_a[17] = 33.000000, d_b[17] = 13.000000, sum[17] = 46.000000 
d_a[18] = 30.000000, d_b[18] = 44.000000, sum[18] = 74.000000 
d_a[19] = 13.000000, d_b[19] = 14.000000, sum[19] = 27.000000 
d_a[20] = 38.000000, d_b[20] = 44.000000, sum[20] = 82.000000 
d_a[21] = 38.000000, d_b[21] = 28.000000, sum[21] = 66.000000 
d_a[22] = 40.000000, d_b[22] = 17.000000, sum[22] = 57.000000 
d_a[23] = 8.000000, d_b[23] = 3.000000, sum[23] = 11.000000 
d_a[24] = 31.000000, d_b[24] = 41.000000, sum[24] = 72.000000 
d_a[25] = 40.000000, d_b[25] = 40.000000, sum[25] = 80.000000 
d_a[26] = 1.000000, d_b[26] = 17.000000, sum[26] = 18.000000 
d_a[27] = 8.000000, d_b[27] = 42.000000, sum[27] = 50.000000 
d_a[28] = 43.000000, d_b[28] = 14.000000, sum[28] = 57.000000 
d_a[29] = 40.000000, d_b[29] = 18.000000, sum[29] = 58.000000 
d_a[30] = 23.000000, d_b[30] = 44.000000, sum[30] = 67.000000 
d_a[31] = 20.000000, d_b[31] = 29.000000, sum[31] = 49.000000 
A + B: 
39	58	9	48	28	37	
71	25	41	58	81	11	
53	9	73	42	66	46	
74	27	82	66	57	11	
72	80	18	50	57	58	
67	49	58	13	43	44	
