Matrix A:
37	5	42	22	14	35	
28	45	22	16	24	47	
8	14	28	42	28	10	
37	1	25	15	31	12	
21	18	7	45	33	25	
20	32	16	22	27	7	

Matrix B:
21	41	38	29	40	11	
44	7	11	13	26	0	
15	5	6	17	49	22	
33	1	36	3	10	5	
29	45	18	17	12	13	
17	0	42	3	24	2	

A x B: 
3354	2414	4227	2261	4896	1693	
4921	2669	4673	2368	4944	1278	
3572	1868	3062	1522	3052	1298	
2794	3059	3169	2119	3541	1459	
4205	2552	4302	1733	3097	1089	
3696	2361	2780	1814	3128	1047	
A + B: 
58	46	80	51	54	46	
72	52	33	29	50	47	
23	19	34	59	77	32	
70	2	61	18	41	17	
50	63	25	62	45	38	
37	32	58	25	51	9	
